3091433733
3373108564
9203101867
5234262279
1241610706
2672280000
6774190247
1781147673
0695967435
8573397383
2804687712
7366809231
5274189525
0222261553
6035889839
4048238851
9806826099
7472303526
8274004773
8156524751
7646148293
1112948309
9937926936
9575322549
4698067484
2231304304
3478464570
5254708583
3489975802
4544006380
6979801796
6401727160
1280472799
1130297737
1742373062
9332588972
6466216466
7953928933
4349850855
5800572405
7885166326
5798526314
4737924305
2202872464
5131153493
4853020997
9717977444
4373473884
6773863893
4732177015
3383646869
0476165214
6609835050
9075821439
1854864984
1859306877
7486080019
1966625493
9076821642
4934446221
4996870107
9975493817
8724528175
7898118724
1418707427
6187932304
8600157078
1700521087
1483455087
9385678441
5427713884
8747407082
5455285761
0580844493
7390718352
3977301111
9089867678
6473554300
2763050140
6356122987
7819378664
4811731452
9206279755
9774769037
6284206041
5651440231
7491437364
0783765987
4488127023
5938688362
8121477885
5889430179
6495668998
0309269292
2998833289
9921166056
3581689836
4469583651
9865719396
9637185067
0223572028
2303095198
9759848691
4751030429
1973943943
8772174889
9220796380
4700379804
1137698499
5091088554
5699468308
6109274696
5193259081
0639490081
7554020880
5542938895
0409432187
0174325201
5795460224
5292600440
7964797867
1068225182
1840124293
8191021577
5184712385
3420864150
6039101698
3170085042
7581980907
6530694239
4759731678
0502718146
7565848112
2895219721
6723551713
2907167058
7679333264
0187334477
1947114288
2954848669
2165990184
0179127993
2053552742
5016298017
8529260141
8478619165
4756267801
0206384589
4970279586
7948114464
5357125150
7463919481
1624576508
5492603021
5032335617
1912435330
9900102185
0508276188
0593424558
7295984774
7711545676
1380587817
6364867012
1030291697
1052002519
7162022935
8040598562
2624495722
4603519408
0725979126
6627810124
6527156500
3036054821
1290124325
9918337372
3147588385
4755891140
2907580366
7306291831
9679931268
0175486770
0554585614
1544291928
5872164052
7829241733
2997295552
8969340574
3138655839
7984884586
1381247447
8618688568
2082325560
9217274954
4918342357
5626696877
8303708215
7689088887
9533801043
8406635333
3484958022
2519125529
6335032856
1946341302
3619538161
1653517626
3020078855
3628645105
0391082061
2395082994
9446436532
1213988119
8701830187
6209440868
2597467421
8137729796
6601001918
2266429197
6041602683
8283201657
4865102080
3366638626
7748949627
6952669990
7206980124
7832324150
0424418742
3756022437
3213751040
5196983195
3552306871
6908774974
7568907278
0398715924
8507476791
9222152039
7163247857
0318854812
1526886835
5977920583
1921755013
2324446538
9512206083
3885565235
6168297962
9222531039
5038220982
6374598565
8515049090
2216125995
5655634356
0680895163
2966507716
2654732648
0483510289
6824419985
2690179597
4540695871
9212846405
5486472966
6836911881
5374650344
1814950761
1363996778
4111966224
2121322725
0399156583
2828103849
0899178476
5942152076
5165101998
9598154695
6123996088
0310796514
4387619751
4740790681
1466894167
1723697552
0910035377
7938478045
2403946736
5762750509
9606570321
4339040518
1747117708
7827126901
5544358793
2548894375
1597032581
9071233850
6282042839
2991974651
6487588515
6119859310
1306159411
1455611472
0677392954
3707336923
4175213234
0170507851
5865148910
0313923043
0894424109
5061654064
8825509437
6843368024
9951523268
3317878342
1454505192
5212973780
5819229803
3805272149
3655141722
3601772103
1232329497
5057496185
5929119462
5856260225
0106582211
5652202431
7557463371
2650702223
4475927631
6622018442
8128839309
8185590013
6330422394
8011464508
7059567994
1460134810
0661731610
2354072498
5095609082
6742286530
5661679578
3795312904
9855075499
4663352261
8096463207
0586854492
8121115078
4164254392
6995706137
2156876660
8305921841
8071689733
0168309165
5021530412
4507673216
9683556366
2771712827
4315400746
3655443901
8600412076
2183936779
6742701024
2987508768
0846609323
6363063899
5751705285
9803797294
2801462031
1513253519
0569803110
9709730525
6690504978
4573422662
0435281037
6850505554
5709561625
3596877844
3384299775
5762730689
5844828411
4311156933
1782278389
0510093683
0755364148
2346952252
0218464321
6981868146
9798708561
6904171192
8155154931
5164868890
2211311530
3562459008
7150446973
4004548824
6576202097
6102763785
5818122149
6882709732
6268261793
2096896493
6805770693
2506589113
9837253555
8925080007
3894897860
9280906603
4773554545
9100065071
2583147187
8624072550
5839944393
9537973956
9224487126
4453938688
1524527130
7162265713
6333804726
6215949119
6180913060
9801990417
7820249067
0885889733
7630061967
4780047248
1245698311
9631411743
0965652787
4803912827
7394356197
2847712640
5394771260
9583188972
2244359391
3111338775
9698924506
3380556909
0119113028
5033759299
6896315486
1034238126
6163763838
5192086130
9951763135
5635671561
4366510611
2072255222
5419887872
8663758071
9660598466
3104261317
7411673389
5505785559
8012287654
9421875119
7340244289
6316437692
9829668094
8122298282
0937176759
8349435248
8611831783
2769720698
1523355561
5306255931
8932024931
7375257576
2026389894
8528736220
4024130259
8361544187
4764063420
6586844822
9405466671
5846003774
2371457447
5870945527
0298131473
9993767751
7924346236
8245618527
9722484186
5100078525
3235511532
4790013593
4447918358
5922913656
7681809480
1267488262
6347204849
7703728719
1635086250
0367776224
5601780663
3081818815
8173638596
7507910844
5521563703
0839297120
1334276164
9620652633
5574658342
7379639771
2145489463
3695934537
9701807927
2197019738
